img_dataset_shape:
 (37, 25)
img_dataset>>
 [[0.    0.5   0.    0.5   0.    1.    2.5   0.125 0.1   0.5   0.375 0.
  1.    0.5   0.625 0.125 0.1   0.    0.    0.    0.    0.    0.    0.375
  0.1  ]
 [0.    0.5   0.    1.    0.    0.375 2.5   0.25  0.1   0.5   0.625 0.
  1.    0.    1.    0.25  0.1   0.5   0.    0.    1.    0.5   1.    0.25
  0.1  ]
 [0.    0.5   0.    0.5   0.    1.    0.    0.625 0.1   0.5   0.25  0.
  1.    0.    1.    0.625 0.1   0.5   0.    0.    1.    0.5   0.    0.625
  0.1  ]
 [0.    0.5   0.    1.    0.    1.    0.    0.625 0.1   0.5   0.25  0.
  1.    0.    1.    0.625 0.1   0.    1.    0.    1.    0.    1.    0.375
  0.1  ]
 [0.    0.5   0.    0.5   0.    1.    2.5   0.25  0.1   0.5   0.375 0.
  0.5   0.    1.    0.625 0.1   0.5   0.    0.    0.5   0.    1.    0.375
  0.1  ]
 [0.    0.5   0.    1.    1.    0.    2.5   0.125 0.1   0.5   0.625 0.
  1.    0.25  0.    0.5   0.1   0.5   0.625 0.    1.    0.5   0.625 0.
  0.1  ]
 [0.    0.25  0.    0.5   0.    1.    3.    0.125 0.1   0.5   0.375 0.
  1.    0.5   0.625 0.    0.1   0.5   0.    0.    1.    0.5   0.    0.125
  0.1  ]
 [0.    1.    0.    0.5   1.    0.    2.5   0.    0.1   0.5   0.375 0.
  1.    0.5   0.625 0.    0.1   0.    0.5   0.    1.    0.    1.    0.5
  0.1  ]
 [0.    1.    0.    1.    0.    1.    0.    0.25  0.1   0.5   0.    0.
  1.    0.    1.    0.125 0.1   0.    1.    0.    0.5   0.    0.5   0.5
  0.1  ]
 [1.    0.    0.    1.    1.    0.    0.    0.375 0.1   0.5   0.375 0.
  1.    0.    1.    0.125 0.1   0.5   0.    0.    0.5   0.5   0.    0.375
  0.1  ]
 [0.    0.5   0.5   0.    0.    1.    3.    0.125 0.1   0.5   0.625 0.
  1.    1.    0.    0.    0.2   0.5   0.    0.5   1.    0.    0.625 0.25
  0.1  ]
 [0.    0.5   0.    1.    1.    0.    2.5   0.375 0.1   0.5   0.375 1.
  0.    0.    1.    0.375 0.1   0.5   0.    0.    1.    0.5   0.    0.5
  0.1  ]
 [0.    1.    0.5   0.    0.    1.    2.5   0.    0.    0.5   0.375 0.
  1.    0.    0.625 0.    0.    1.    0.    0.    1.    0.    1.    0.
  0.1  ]
 [0.    1.    1.    0.    0.    0.    2.5   0.25  0.1   0.    1.    0.5
  0.    0.    1.    0.625 0.1   0.5   1.    0.    1.    0.5   0.    0.375
  0.1  ]
 [0.    1.    0.    0.375 0.    1.    2.5   0.125 0.1   0.5   0.375 0.
  1.    0.    1.    0.375 0.1   0.5   0.    1.    0.    0.5   0.    0.125
  0.1  ]
 [0.    0.5   0.    1.    0.5   0.    0.5   0.5   0.1   0.5   0.625 0.
  1.    0.    0.25  0.25  0.1   0.5   0.    0.5   0.    0.5   0.    0.25
  0.1  ]
 [0.5   0.    0.    1.    0.    1.    0.    0.125 0.1   0.5   0.    0.5
  0.    0.    1.    0.125 0.1   0.5   0.    0.    0.5   0.5   0.    0.25
  0.1  ]
 [0.    0.5   0.    0.5   0.    1.    2.5   0.    0.1   0.5   0.625 0.
  1.    0.625 0.    0.25  0.1   0.5   1.    0.    0.5   0.    1.    0.25
  0.1  ]
 [0.5   0.    0.    1.    0.    1.    3.    0.5   0.1   1.    0.875 0.5
  0.    0.    0.375 0.5   0.1   0.    0.5   0.    1.    0.5   0.    0.375
  0.1  ]
 [0.    1.    0.5   0.    0.    1.    2.5   0.    0.    0.5   0.625 0.
  1.    0.    1.    0.25  0.1   0.    1.    0.    1.    0.    1.    0.
  0.1  ]
 [0.    0.    0.    1.    0.    1.    2.5   0.    0.1   0.5   0.625 0.5
  0.    0.    1.    0.375 0.1   0.5   0.    0.    1.    0.5   0.625 0.625
  0.1  ]
 [0.    0.5   1.    0.    0.    1.    2.    0.375 0.1   0.5   0.625 0.
  1.    0.    1.    0.375 0.1   0.5   0.    0.    1.    0.5   0.    0.375
  0.1  ]
 [0.    0.5   1.    0.    0.    1.    2.5   0.375 0.1   0.5   0.375 0.5
  0.    0.    1.    0.375 0.1   0.5   0.    0.    1.    0.5   0.    0.375
  0.1  ]
 [0.    0.5   0.    1.    0.    1.    0.    0.625 0.1   0.5   0.    0.
  0.    0.    0.    0.375 0.1   0.    1.    0.    0.5   0.    1.    0.375
  0.1  ]
 [1.    0.5   0.5   0.    1.    0.    1.5   0.25  0.1   0.5   0.625 0.
  1.    1.    0.    0.25  0.1   0.5   1.    0.    1.    0.5   0.    0.5
  0.1  ]
 [0.5   0.    0.    1.    0.    1.    2.5   0.5   0.1   0.5   0.375 0.
  1.    0.    1.    0.5   0.1   0.5   0.    0.5   0.    0.5   0.625 0.625
  0.1  ]
 [0.    0.5   0.    0.5   0.    1.    2.5   0.375 0.1   0.5   0.625 0.
  1.    0.    1.    0.375 0.1   0.5   0.    0.    1.    0.5   0.    0.25
  0.1  ]
 [0.    0.5   1.    0.    0.    1.    2.    0.375 0.1   0.5   0.625 0.
  1.    0.    1.    0.375 0.1   0.5   0.    0.    1.    0.5   0.    0.375
  0.1  ]
 [0.    0.5   1.    0.    0.    1.    2.    0.375 0.1   0.5   0.375 0.
  1.    0.    1.    0.5   0.1   0.5   0.    0.    1.    0.5   1.    0.375
  0.1  ]
 [0.5   0.    0.    1.    0.    1.    2.5   0.25  0.1   0.5   0.375 0.
  1.    1.    0.    0.375 0.1   0.5   0.    0.    0.5   0.5   0.    0.375
  0.1  ]
 [0.    0.5   0.    0.5   0.    1.    2.5   0.25  0.1   0.5   0.625 0.5
  1.    1.    0.    0.375 0.1   0.5   0.    0.    0.    0.5   0.    0.25
  0.1  ]
 [0.    1.    0.    0.5   1.    0.    2.    0.    0.1   0.5   0.    0.
  1.    0.    1.    0.375 0.1   0.5   0.    0.    1.    0.5   0.    0.625
  0.1  ]
 [0.    1.    0.    0.5   1.    0.    1.5   0.125 0.1   0.5   0.375 0.
  1.    0.    1.    0.375 0.1   0.    0.5   0.    1.    0.    0.5   0.25
  0.1  ]
 [0.    1.    0.    0.5   0.    0.    2.5   0.    0.1   0.5   0.625 0.
  1.    0.    1.    0.25  0.1   0.    1.    0.    1.    1.    0.    0.125
  0.1  ]
 [0.5   0.    1.    0.    0.    1.    2.5   0.    0.1   0.5   0.375 0.5
  0.    0.    1.    0.625 0.1   0.    0.5   1.    0.    0.    1.    0.25
  0.1  ]
 [0.    1.    0.    1.    0.    1.    2.5   0.125 0.1   0.5   0.375 0.5
  0.    0.    1.    0.375 0.1   0.5   0.    0.    1.    0.5   0.625 0.625
  0.1  ]
 [0.5   0.    0.    0.5   0.    1.    2.5   0.625 0.1   0.5   0.375 0.
  0.5   0.    1.    0.    0.1   0.5   0.    0.    0.5   0.    0.5   0.5
  0.1  ]]
----------------------------------------------------------
chair_count: 45 table_count: 39 cabinet_count: 51

miss: {'0': 2, '2': 6, '3': 4, '4': 2, '23': 4, '36': 4}
保存先： D:\ssugahara_research\ssugahara_research/data/result_data/living_modern_result/